99 10000
94 TCRVNUOFNGYPUYED 0 31 53 131 738 863 1074 1105 1253 1434 1507 1529 1591 1749 1791 1820 1945 1950 2046 2075 2210 2564 2666 2763 2910 3121 3237 3324 3450 3755 3832 4190 4198 4318 4556 4568 4575 4597 4606 4614 4799 4801 5077 5273 5329 5513 5516 5679 5818 5928 5975 6209 6221 6302 6313 6342 6352 6386 6396 6407 6490 6537 6700 6755 6820 6843 6850 6872 6960 7095 7099 7104 7112 7301 7373 7508 7862 8147 8207 8412 8471 8521 8585 8878 9080 9131 9173 9242 9635 9637 9794 9865 9938 9939
112 LJZQNEKBFEWUARKZ 1 85 96 213 308 393 467 470 494 612 765 811 831 905 1002 1023 1130 1208 1214 1386 1493 1615 1714 1963 1966 1994 2015 2146 2150 2228 2474 2519 2793 2812 2871 2992 3094 3122 3156 3244 3443 3469 3558 3562 3610 3792 3809 3866 3926 3928 3947 3980 3999 4064 4089 4212 4215 4230 4427 4545 4546 4581 4603 4645 4813 4822 4865 4974 5010 5103 5300 5446 5686 5747 5853 5863 5967 6018 6145 6208 6265 6383 6488 6505 6696 6711 6806 6861 7348 7385 7477 7510 7511 7646 7921 7969 8016 8475 8482 8721 8798 8835 8932 9039 9042 9341 9497 9530 9693 9702 9851 9930
113 EDOWSKXTSYGHXWUF 2 36 106 162 177 331 376 379 698 720 1163 1265 1335 1360 1671 1908 1926 1957 2025 2189 2303 2356 2383 2467 2525 2547 2592 2778 2961 2984 3098 3261 3395 3406 3447 3476 3584 3608 3705 3872 3899 4000 4189 4325 4386 4442 4481 4500 4553 4647 4696 4871 4945 4952 5050 5075 5079 5320 5438 5457 5490 5493 5550 5661 5836 6139 6233 6399 6440 6496 6521 6864 7021 7165 7191 7197 7202 7229 7298 7328 7456 7489 7604 7837 7962 7996 8142 8233 8331 8406 8501 8503 8700 8770 8888 8941 8966 9011 9055 9098 9300 9331 9416 9424 9439 9495 9644 9686 9828 9866 9916 9936 9974
111 TXIQRJMHADXUEAJJ 3 38 77 90 155 347 404 468 562 646 663 796 801 897 1005 1085 1135 1377 1396 1446 1483 1525 1565 1601 1634 1849 1890 1978 2047 2535 2538 2614 2637 2846 2989 3145 3219 3268 3439 3444 3485 3606 3687 3765 3836 3865 4162 4413 4498 4578 4607 4750 5000 5066 5124 5470 5494 5638 5693 5751 5825 5840 5961 6331 6361 6376 6475 6598 6710 6870 6900 6998 7020 7164 7198 7227 7506 7515 7848 7852 7939 7972 8101 8243 8403 8410 8453 8457 8586 8646 8676 8768 8804 8836 8989 9118 9155 9172 9195 9352 9361 9436 9450 9467 9583 9656 9684 9779 9785 9836 9990
86 LYZJFSQFYEUIQFSA 4 101 142 228 880 1150 1156 1200 1242 1268 1271 1379 1490 1500 1522 1702 1805 1853 1864 1983 2159 2239 2307 2364 2387 2442 2480 2585 3366 3394 3498 3526 3883 3958 4037 4095 4233 4417 4565 5065 5101 5149 5277 5322 5555 5591 5742 5793 5873 5959 6099 6165 6215 6294 6330 6493 6676 7047 7114 7154 7162 7259 7479 7557 7603 7651 7719 7741 7845 7893 7901 7949 7950 8452 8858 8910 9204 9266 9337 9364 9487 9664 9699 9901 9928 9972
86 VOFCFATIDJHXJGWS 5 151 176 334 707 881 925 1083 1128 1138 1318 1349 1432 1661 1793 1871 1895 1942 2462 2646 2670 2684 2688 2774 3003 3055 3116 3195 3226 3232 3456 3486 3494 3564 3728 4057 4177 4275 4279 4394 4401 4542 4653 4763 4786 5045 5067 5598 5675 5781 5892 5900 5999 6087 6101 6390 6401 6456 6520 6531 6588 6912 7426 7600 7679 7773 7976 8140 8222 8261 8266 8398 8402 8670 8684 8807 8947 8998 9119 9147 9153 9215 9231 9259 9717 9835
90 NITTFPZGADNFALIL 6 16 193 335 395 469 518 585 793 851 1106 1247 1286 1334 1375 1480 1608 2126 2172 2500 2649 2900 2913 2998 3006 3047 3271 3311 3397 3566 3954 3964 4257 4407 4478 4486 4898 4905 4917 4993 5070 5155 5157 5272 5409 5430 5488 5558 5565 5572 6006 6293 6304 6371 6481 6483 6499 6548 6557 6736 6940 7087 7153 7315 7369 7417 7431 7577 7597 7645 7694 7709 7784 8004 8030 8067 8170 8255 8415 8540 8576 8620 8672 8763 8852 8904 9305 9548 9810 9996
104 TJJWEHHCBXEMOPVX 7 121 226 243 458 739 887 951 1009 1301 1467 1607 1627 1744 1833 1901 2068 2350 2403 2456 2721 2737 2741 2756 2776 2827 2834 2862 2865 3015 3030 3110 3159 3171 3191 3283 3457 3547 3559 3583 3694 3737 3825 3840 3994 4045 4081 4320 4418 4491 4585 4699 4718 4926 4986 5061 5208 5219 5261 5285 5411 5611 5808 5841 5846 5882 5952 5974 6074 6086 6198 6225 6536 6692 6746 6804 6921 7001 7057 7082 7290 7304 7409 7534 7554 7615 7803 7821 7828 8642 8710 8777 8793 8834 8862 9026 9137 9181 9264 9277 9753 9784 9857 9971
99 TXSEMQDOAQXFJXLC 8 293 447 466 504 566 635 774 862 883 918 949 1055 1103 1115 1280 1328 1343 1475 1638 1828 1976 1979 2124 2181 2230 2256 2336 2345 2524 2618 2976 3363 3392 3567 3669 3759 3829 3927 4009 4038 4068 4148 4151 4159 4227 4339 4387 4390 4452 4680 4942 4946 5044 5081 5229 5456 5507 5571 5752 5805 5809 5855 5918 5987 6381 6464 6709 6832 6837 7077 7157 7360 7381 7435 7439 7469 7570 7654 7745 7869 7974 8106 8238 8282 8354 8367 8514 8683 8697 8764 8918 9178 9278 9445 9470 9529 9606 9952
103 ILUWIQAFYGBWCSYB 9 164 169 191 196 606 630 700 808 1077 1090 1093 1097 1186 1239 1287 1353 1506 1532 1598 1964 2074 2822 3134 3279 3504 3549 3856 3860 3943 4027 4033 4043 4251 4321 4345 4384 4447 4616 4697 4807 4847 4888 4954 5003 5074 5076 5080 5159 5212 5414 5418 5421 5451 5498 5687 5779 5810 6090 6138 6150 6166 6187 6234 6261 6298 6393 6519 6720 6740 6890 6939 7024 7065 7354 7640 7755 7825 7865 8060 8132 8141 8281 8430 8438 8480 8541 8556 8591 8605 8759 8960 9142 9233 9256 9367 9423 9523 9668 9772 9924 9946 9997
96 WIRXFBKBFMTCGALT 10 70 92 153 221 244 305 371 450 499 514 745 755 814 835 847 919 986 1333 1342 1447 1458 1468 1700 1776 1825 2045 2133 2176 2186 2267 2385 2463 2697 3022 3143 3178 3359 3471 3557 3625 3693 3817 3925 4241 4362 4483 4548 4598 4722 4787 4831 4964 5012 5162 5423 5580 5585 5803 5973 6109 6147 6220 6230 6345 6351 6369 6504 6543 6630 6705 6926 7050 7291 7307 7472 7674 7680 7858 7894 7895 7977 7997 8048 8194 8657 8885 8950 8971 9033 9143 9376 9392 9507 9519 9611
103 CTIWQENXBTCJWRRT 11 30 73 165 183 238 290 309 386 462 525 555 596 705 812 970 1006 1178 1183 1257 1267 1437 1570 1750 1759 1843 1946 1959 2023 2067 2070 2272 2320 2321 2536 3265 3436 3462 3516 3546 3617 3814 3941 3944 3986 4006 4011 4308 4349 4368 4430 4535 4658 4735 4738 4970 5143 5210 5214 5239 5342 5432 5658 5762 5798 5988 6250 6387 6726 6844 6848 6965 7046 7110 7175 7253 7319 7343 7389 7437 7521 7584 7766 7788 7817 7832 7938 8003 8074 8232 8310 8357 8463 8472 8483 8486 8565 8594 8673 9184 9388 9658 9888
105 PJENOXQMHTDNUYYG 12 321 472 652 653 657 832 998 1043 1123 1424 1476 1481 1517 1625 1646 1804 1813 1909 1930 1953 1989 2182 2183 2217 2297 2347 2382 2709 2751 2788 2841 3070 3287 3459 3591 3666 3726 3847 4028 4059 4160 4410 4438 4493 4517 4536 4538 4582 4646 4668 4756 4840 4940 5110 5376 5538 5609 5615 5670 5718 5769 5865 5931 6114 6183 6204 6509 6568 6602 6638 6653 6704 6745 6925 6988 7041 7176 7210 7412 7610 7667 7771 7915 7993 8062 8191 8297 8298 8407 8531 8587 8613 9089 9095 9192 9486 9617 9675 9678 9879 9890 9906 9907 9959
105 VICDBFDDJDQIEGFY 13 187 217 229 236 257 356 381 492 574 593 616 659 660 706 773 841 852 892 900 1146 1303 1742 1846 1940 1969 2026 2027 2057 2229 2318 2396 2630 2695 2702 2909 2920 2939 3034 3068 3089 3182 3186 3248 3289 3317 3423 3718 3798 3806 3848 3960 4032 4130 4254 4347 4361 4429 4482 4579 4615 4704 4730 4808 4889 4979 4998 5216 5301 5313 5333 5436 5564 5728 5857 5942 6000 6028 6044 6255 6289 6312 6907 7030 7067 7166 7171 7407 7488 7539 7628 7700 7720 8145 8157 8171 8220 8422 8456 8516 8606 9034 9316 9433 9633
109 ZPFNKUYEHJPGQYNA 14 26 93 112 127 132 159 231 263 422 548 684 916 1026 1044 1053 1059 1198 1385 1415 1433 1538 1621 1703 1855 1902 1939 1960 2088 2098 2291 2339 2417 2515 2570 2572 2692 2772 3115 3164 3396 3426 3593 3651 3663 3698 3772 4169 4290 4445 4508 4685 4761 4814 4844 4897 4943 5069 5105 5156 5249 5419 5455 5544 5624 5673 5890 6029 6064 6140 6240 6257 6567 6614 6701 6758 6829 6854 6862 6999 7178 7244 7396 7443 7723 7778 7819 8009 8181 8239 8288 8295 8488 8682 8692 8754 8781 8929 9111 9234 9448 9504 9546 9589 9604 9719 9862 9895 9925
102 LPWFPDYTACATHFLV 15 42 98 170 247 341 557 723 813 871 894 932 977 1264 1322 1395 1406 1420 1466 1494 1689 2042 2079 2103 2194 2252 2352 2398 2408 2424 2511 2597 2962 2981 3458 3475 3501 3600 3629 3786 3816 3912 4166 4397 4505 4511 4884 4901 4924 5231 5573 5741 5746 5828 5878 5943 5958 5964 5969 6054 6058 6185 6242 6442 6575 6581 6688 6810 6857 6905 7055 7093 7163 7172 7234 7305 7416 7419 7643 7762 8042 8148 8360 8361 8418 8554 8690 8715 8884 8896 8951 8984 9090 9103 9105 9613 9634 9665 9676 9733 9893 9989
101 GWJILDEMNUZKEVBW 17 133 366 406 602 868 941 1207 1266 1383 1400 1457 1470 1569 1588 1683 1880 1892 1973 1999 2211 2274 2295 2358 2489 2716 3051 3179 3189 3563 3701 3709 3774 3885 3905 3921 3985 4004 4111 4172 4623 4694 4724 4774 4885 5020 5039 5082 5183 5326 5354 5388 5603 5664 5730 5770 5824 5870 6038 6152 6160 6193 6244 6284 6316 6384 6621 6702 6723 6733 6838 7037 7347 7352 7458 7464 7579 7606 7639 7704 7715 8156 8287 8293 8313 8365 8442 8543 8882 8931 8994 9250 9257 9350 9502 9586 9602 9615 9738 9778 9881
102 KJVHYWWXVTWZRVWC 18 156 527 552 668 807 810 928 1147 1170 1261 1382 1479 1541 1613 1730 1771 1866 1916 2165 2193 2221 2257 2309 2375 2445 2533 2626 2959 3083 3154 3169 3202 3228 3339 3340 3502 3548 3753 3791 3880 3937 3950 4047 4071 4253 4301 4433 4524 5098 5138 5150 5153 5464 5487 5668 5676 5860 6002 6003 6014 6025 6162 6174 6249 6275 6337 6392 6511 6572 6645 6927 6971 7158 7160 7206 7232 7361 7440 7480 7582 7620 7813 8078 8099 8136 8205 8499 8748 8751 8775 8791 8799 8937 9130 9268 9295 9461 9609 9685 9703 9769
103 HOXDKJRABWWHRQLO 19 20 63 117 130 268 384 417 418 996 1067 1139 1181 1220 1288 1358 1438 1471 1552 1603 1874 1891 2021 2040 2048 2119 2319 2541 2645 2818 2886 2912 2985 3126 3353 3408 3427 3586 3637 3746 4121 4249 4258 4292 4293 4351 4380 4473 4636 4677 4723 4766 4776 5245 5259 5410 5483 5691 5714 5813 5981 5985 5986 6072 6283 6444 6569 6590 6776 7159 7174 7209 7250 7280 7379 7459 7524 7526 7527 7543 7870 7917 8018 8085 8373 8588 8707 8753 8758 8861 8866 8892 8927 8936 8959 9041 9191 9329 9543 9673 9806 9904 9922
91 BIYNUCPVUACFBKWB 21 48 332 1133 1172 1218 1225 1290 1331 1391 1392 1710 1720 1867 1977 2118 2222 2322 2394 2407 2411 2415 2526 2648 2654 2811 2835 2914 3137 3331 3425 3446 3482 3515 3675 3846 3931 4123 4132 4271 4531 4689 4741 4743 4757 4810 4941 5071 5127 5186 5188 5223 5382 5415 5441 5713 5783 5903 5968 6034 6192 6226 6639 6770 6784 7061 7068 7118 7130 7207 7296 7358 7568 7793 7857 7940 8057 8169 8216 8496 8551 8864 8871 8939 8958 9060 9243 9709 9748 9842 9912
105 YLPMWQJQQIGCHYLN 22 227 712 757 778 829 840 987 989 993 1171 1250 1260 1452 1531 1624 1763 1772 2123 2141 2173 2247 2253 2282 2290 2638 2680 2808 2816 2887 2944 2960 3037 3046 3061 3092 3103 3298 3581 3628 3972 3992 4021 4044 4117 4182 4274 4303 4484 4613 4619 4878 4921 5163 5172 5247 5287 5595 5906 5955 6122 6513 6594 6667 6833 6840 6914 6928 6959 7088 7096 7132 7143 7182 7205 7425 7445 7461 7530 7550 7552 7670 7684 7738 7739 7874 7923 7986 8114 8137 8303 8322 8419 8599 8737 8877 8894 9025 9046 9052 9110 9232 9562 9576 9920
114 GABUXHHVEONDGNQZ 23 41 46 52 163 230 274 565 568 633 677 694 827 837 915 1034 1072 1110 1233 1241 1911 1931 1988 2039 2154 2175 2213 2273 2431 2478 2552 2785 2809 2945 3085 3105 3133 3270 3569 3595 3620 3748 3784 3821 3904 4079 4110 4420 4540 4675 4686 4754 4836 4902 5158 5386 5397 5520 5524 5620 5754 5866 5941 6107 6116 6167 6179 6268 6327 6338 6438 6462 6495 6730 6794 6943 6968 7187 7306 7339 7367 7463 7505 7532 7545 7761 7822 7878 7945 8249 8477 8487 8574 8581 8713 8756 8842 8872 9045 9157 9200 9212 9239 9306 9326 9336 9377 9511 9535 9585 9777 9815 9859 9956
104 KXNFHSGWPWPJEKLU 24 237 299 586 744 782 836 907 952 969 1004 1017 1091 1283 1330 1362 1498 1540 1583 1596 1659 1743 2058 2071 2153 2284 2354 2544 2577 2736 2831 3013 3054 3308 3362 3560 3670 3683 3769 3911 4141 4152 4307 4411 4422 4463 4651 4792 4890 4931 4951 5058 5120 5299 5431 5444 5477 5503 5622 5698 5759 5845 5876 6037 6040 6082 6157 6404 6411 6564 6798 6910 6987 7038 7208 7337 7427 7432 7855 7900 7929 8022 8117 8158 8213 8329 8492 8509 8824 8825 8865 8901 9035 9222 9312 9418 9430 9442 9478 9527 9534 9722 9979 9999
101 VRMVSHCBVGDRFOJP 25 119 302 503 567 828 1165 1180 1203 1213 1365 1372 1409 1669 1695 1754 1797 1879 1893 2078 2148 2250 2255 2328 2368 2448 2477 2517 2579 2655 2817 3050 3078 3084 3135 3150 3210 3364 3404 3440 3499 3532 3744 3970 3995 4088 4283 4437 4451 4539 4795 4802 4823 4832 4873 5019 5028 5291 5371 5452 5502 5556 5647 5729 5732 5750 5796 5916 6023 6088 6111 6121 6214 6319 6373 6467 6802 6863 7100 7136 7759 7836 7904 7990 7999 8023 8116 8124 8223 8245 8381 8444 8562 8719 8839 9043 9366 9640 9756 9773 9841
105 BQFMWCTVCSNUDDLH 27 115 252 260 277 287 587 632 761 943 1015 1063 1157 1306 1339 1526 1556 1676 1859 2035 2051 2223 2245 2435 2726 2779 2881 3328 3338 3520 3640 3719 3785 3852 4126 4127 4216 4246 4326 4375 4534 4660 4674 4676 4725 4733 4748 4869 4966 5007 5125 5165 5207 5323 5518 5557 5587 5606 5632 5949 5960 6016 6021 6100 6380 6528 6674 6763 6822 6841 6871 6958 6961 6967 6981 7040 7173 7263 7346 7466 7504 7537 7564 8001 8100 8115 8236 8324 8356 8440 8479 8575 8611 8757 8821 8899 8945 9008 9032 9064 9065 9070 9488 9770 9830
107 STJKFHRFHKSKSUDE 28 184 207 259 314 357 594 731 843 1042 1081 1238 1474 1523 1728 1968 2050 2094 2264 2344 2357 2418 2432 2767 2789 2825 3076 3218 3234 3326 3484 3536 3544 3555 3605 3722 3799 3803 3857 4001 4069 4255 4323 4337 4414 4506 4702 4719 4850 4852 4953 4991 5025 5064 5262 5337 5469 5515 5542 5559 5621 6017 6070 6106 6108 6276 6358 6400 6603 6629 6647 6788 6812 6842 7151 7196 7303 7398 7476 7512 7633 8069 8125 8153 8420 8627 8649 8724 8726 8733 8749 8819 8996 9012 9073 9128 9201 9219 9235 9296 9346 9347 9466 9540 9767 9848 9873
90 HOXCKHZJMOEZVOFM 29 66 222 311 445 473 581 592 1046 1078 1154 1356 1388 1442 1448 1786 1912 1987 2069 2112 2643 2694 2864 3180 3277 3286 3633 3654 3703 3707 3725 3750 3776 3878 4029 4065 4108 4115 4204 4489 4739 4796 4859 4948 5057 5090 5405 5547 5771 5935 6005 6148 6363 6420 6633 6734 6815 6933 6980 6986 7081 7108 7119 7161 7267 7395 7444 7706 7731 8128 8227 8269 8289 8505 8609 8847 9074 9168 9213 9293 9314 9360 9454 9518 9608 9622 9661 9700 9819 9896
117 GGBYZRSLISOUUBMB 32 234 368 409 478 573 595 662 679 695 752 776 779 791 896 946 947 1011 1101 1182 1223 1310 1319 1394 1399 1454 1465 1781 2000 2055 2111 2149 2203 2238 2259 2327 2405 2620 2632 2685 2797 2866 2899 3072 3080 3106 3142 3183 3282 3368 3492 3661 3697 3715 3747 3838 3884 4014 4341 4583 4601 4882 4895 4995 5001 5005 5393 5460 5552 5643 5694 5749 5764 5795 6010 6032 6134 6203 6323 6419 6424 6473 6585 6762 6901 7056 7345 7405 7648 7690 7735 7930 7952 7966 7980 8052 8210 8333 8380 8384 8446 8614 8704 8800 8869 8943 9056 9134 9405 9469 9538 9761 9768 9821 9913 9957 9973
95 FXWIVLXRXEVELLFG 33 39 202 288 340 345 517 540 702 742 777 790 858 891 962 1142 1160 1278 1307 1357 1370 1449 1485 1503 1527 1587 2066 2072 2287 2455 2468 2473 2583 2625 2733 2795 3087 3194 3199 3274 3323 3343 3379 3512 3554 3864 4399 4554 4596 4703 4753 4899 4976 5062 5085 5192 5461 5539 5703 5719 5847 5938 6216 6491 6551 6580 6859 7133 7211 7239 7382 7392 7868 7978 8008 8093 8208 8323 8378 8394 8464 8542 8632 8718 8772 8826 8974 9031 9203 9253 9335 9451 9713 9908 9943
100 HKWEIPJYQFHCJZTI 34 51 249 297 315 394 451 687 763 886 911 1000 1215 1216 1430 1439 1693 1777 2052 2265 2286 2346 2459 2507 2514 2838 2932 2977 3088 3093 3193 3242 3348 3400 3434 3463 3468 3673 3842 3946 3996 4184 4194 4302 4533 4629 4913 5002 5297 5360 5429 5584 5682 5690 5725 5792 5929 6069 6095 6332 6573 6601 6644 6655 6698 6808 6908 6916 6969 7064 7193 7288 7300 7334 7342 7388 7400 7781 7833 7981 8127 8237 8445 8448 8473 9066 9177 9179 9198 9384 9391 9398 9432 9459 9483 9671 9695 9799 9867 9886
99 IJUNCPJIMGOWNKFD 35 74 134 400 423 490 512 623 627 697 997 1022 1070 1108 1118 1327 1332 1559 1580 1662 1672 2030 2086 2106 2144 2214 2314 2343 2362 2409 2451 2501 2678 2732 2863 2908 2956 2978 2980 3246 4197 4269 4296 4356 4503 4552 4588 4594 4662 4749 5154 5253 5443 5468 5560 5579 5589 5680 5726 5815 6128 6248 6264 6365 6367 6370 6389 6479 6524 6845 6915 6917 6949 7179 7242 7563 7576 7673 7799 7801 7867 7937 7989 8063 8429 8952 8970 8986 9023 9030 9069 9129 9138 9311 9396 9474 9682 9864 9868
91 NUMCLPIGWUARAWRD 37 82 104 139 224 538 584 590 785 797 917 937 979 1096 1735 1767 1801 1802 2208 2269 2277 2355 2453 2553 2598 2656 2723 2902 2925 2941 3018 3035 3200 3294 3296 3464 3511 3518 3667 3716 3783 3867 3895 3952 4049 4187 4273 4377 4527 4561 4577 4764 4788 5141 5319 5530 5532 5610 5637 5868 6059 6067 6117 6177 6236 6246 6374 6484 6697 6889 7029 7500 7693 7782 8077 8290 8530 8820 8898 8933 9015 9115 9127 9249 9318 9322 9373 9639 9870 9911 9958
95 DCAQIUBLEYIMKFAS 40 158 537 802 895 912 1021 1076 1112 1289 1554 1740 1751 1796 1810 2107 2174 2249 2258 2294 2421 2428 2550 2677 2894 2903 2950 3139 3196 3318 3388 3655 3721 3871 3922 3982 4036 4050 4083 4226 4244 4260 4378 4396 4474 4547 4648 4886 4950 4984 5114 5129 5193 5238 5355 5543 5989 6118 6292 6364 6458 6593 6600 6827 6876 6942 7019 7215 7246 7249 7413 7561 7598 7614 7696 7717 7946 8172 8193 8218 8234 8263 8547 8572 8706 8860 8925 8983 9094 9162 9358 9400 9887 9897 9968
110 CBQBGTBRXMBOTBKT 43 329 408 414 428 546 556 746 749 984 988 1079 1196 1295 1369 1451 1497 1568 1579 1745 1817 1887 1984 1996 2022 2056 2082 2225 2302 2365 2366 2581 2734 2851 2928 3102 3131 3165 3208 3291 3410 3418 3508 3531 3573 3638 3665 3827 3913 4026 4087 4156 4165 4180 4209 4242 4284 4494 4510 4528 4713 4740 4983 5004 5173 5280 5361 5465 5474 5497 5648 5662 5753 5819 5951 6184 6206 6412 6432 6636 6744 6768 6816 7107 7238 7365 7391 7402 7572 7730 7779 7797 7888 8025 8120 8344 8459 8476 8526 9106 9304 9333 9374 9508 9542 9618 9625 9708 9741 9833
98 ZMIGWKCFWZHHXFUT 44 149 220 296 310 403 439 482 484 848 923 924 1028 1082 1088 1393 1416 1546 1575 1640 1690 2006 2019 2142 2423 2498 2651 2689 3042 3077 3375 3407 3521 3551 3570 3574 3720 3756 3762 3949 4053 4076 4086 4163 4855 4911 4936 5059 5271 5392 5484 5619 5672 5720 5722 5785 5786 5940 5954 5997 6073 6075 6123 6191 6252 6423 6469 6482 6506 6527 6554 6579 6754 6852 6929 6977 7089 7111 7116 7137 7150 7180 7254 7321 7377 7397 7607 7883 7988 8054 8277 8612 8628 8930 9050 9515 9568 9688
100 OIJCXCVNOZEPWUML 45 102 109 146 181 200 271 387 426 485 563 724 799 950 1191 1226 1251 1273 1305 1561 1582 1780 1868 2001 2038 2063 2430 2543 2704 2713 2735 2805 2819 2934 3177 3297 3307 3310 3398 3454 3495 3685 3794 4030 4056 4082 4106 4153 4220 4627 4690 4881 4961 4994 5013 5015 5046 5104 5359 5369 5476 5535 5623 5702 5716 5901 6103 6126 6279 6382 6623 6666 6708 6760 6894 7220 7329 7438 7672 8031 8235 8340 8382 8513 8527 8537 8544 8651 8659 8725 8790 8914 8977 9340 9492 9554 9581 9642 9746 9871
102 GZWCTYKFVSUYXLNU 47 432 621 626 1008 1325 1373 1557 1614 1694 1860 1865 1948 2105 2276 2279 2627 2668 2673 2882 3079 3091 3187 3211 3252 3413 3696 3713 3763 3819 3894 3923 3930 3933 4042 4213 4222 4469 4780 4857 4958 5072 5097 5251 5435 5709 5879 5937 6026 6050 6065 6321 6413 6508 6583 6637 6846 6899 6906 6994 7043 7106 7168 7170 7212 7433 7451 7499 7548 7689 7714 7718 7753 7805 8068 8112 8133 8183 8241 8264 8265 8268 8279 8348 8368 8425 8449 8450 8506 8563 8656 8776 8797 8962 9100 9211 9522 9786 9809 9850 9858 9963
126 XGFRIQKBRWSRBJVT 49 55 122 375 377 429 510 597 608 667 815 844 985 991 1032 1033 1117 1350 1639 1709 1827 1838 1850 1936 2155 2205 2261 2317 2360 2563 2631 2739 2755 2906 2952 3104 3269 3342 3358 3424 3448 3507 3533 3741 3787 4023 4067 4091 4270 4456 4550 4592 4609 4641 4938 5089 5112 5205 5213 5279 5334 5380 5492 5782 5802 5816 5817 5834 6013 6052 6131 6271 6297 6418 6597 6648 6672 6694 6775 6787 7074 7265 7293 7393 7450 7494 7571 7624 7983 8187 8196 8254 8291 8305 8342 8404 8465 8590 8636 8652 8662 8664 8769 8786 8789 8873 8991 9048 9053 9166 9225 9258 9371 9428 9545 9575 9650 9655 9672 9697 9720 9762 9863 9910 9929 9960
107 LKREYUZUXQXWZENM 50 81 188 246 275 312 326 350 362 363 364 513 529 1201 1245 1259 1398 1423 1461 1509 1520 1768 1823 1861 2010 2325 2406 2438 2492 2590 2594 2780 2803 2843 2890 2942 3011 3033 3263 3278 3356 3641 3797 3834 3837 4181 4294 4309 4342 4809 4848 4907 5169 5242 5278 5346 5449 5773 5893 6053 6071 6130 6258 6266 6277 6349 6529 6809 6855 6976 7009 7127 7327 7581 7585 7752 7815 7843 7881 7905 7955 7973 7979 8033 8122 8160 8174 8414 8559 8625 8665 8731 9083 9194 9338 9401 9402 9443 9556 9559 9670 9690 9694 9732 9743 9788 9852
112 NRMVLGXBVGYHTIJI 54 179 415 476 489 506 1066 1134 1140 1190 1296 1351 1491 1495 1590 1707 1731 1803 1841 1877 1951 2034 2073 2097 2125 2235 2251 2562 2588 2897 2917 3057 3192 3213 3455 3490 3676 3700 3717 3870 3896 4013 4195 4319 4332 4415 4475 4487 4537 4695 4760 4818 4833 4949 5094 5096 5288 5349 5463 5646 6097 6175 6186 6212 6344 6451 6503 6526 6544 6620 6690 6753 6903 7028 7035 7138 7189 7213 7264 7281 7362 7594 7746 7802 7944 7957 7959 7975 8167 8168 8200 8326 8428 8550 8577 8596 8667 8693 8794 9000 9002 9018 9062 9112 9286 9370 9380 9533 9792 9811 9824 9982
100 ZJYUTPSSHJDFWJKN 56 137 166 242 269 281 348 419 528 577 629 750 771 1048 1119 1161 1256 1622 1713 1717 1726 1818 1832 2419 2611 2633 2663 2766 2915 3017 3124 3229 3284 3346 3360 3477 3601 3813 3915 4327 4363 4381 4457 4587 4758 4782 4826 4879 4973 4989 4997 5042 5339 5607 5627 5830 5838 5957 6254 6426 6486 6501 6507 6541 6553 6947 6973 7033 7049 7145 7241 7270 7309 7378 7442 7666 7910 7941 8188 8201 8251 8280 8292 8532 8546 8686 8687 8694 8750 8940 9117 9221 9310 9385 9406 9552 9704 9771 9781 9854
100 INNWGFLZTTNZKWML 57 157 160 167 172 218 233 352 618 631 641 701 816 1064 1089 1192 1366 1440 1530 1555 1656 1673 1681 1840 2054 2080 2329 2401 2804 2946 2975 3004 3285 3295 3303 3312 3332 3761 3898 3920 3924 3973 3981 4060 4107 4167 4324 4543 4664 4771 5119 5191 5309 5327 5351 5381 5849 5925 5962 6402 6437 6450 6463 6563 6607 6657 6786 6790 6918 6984 7070 7236 7335 7341 7449 7457 7708 7765 7767 7827 7831 7968 8044 8154 8262 8346 8661 8709 8949 9019 9028 9126 9284 9503 9521 9567 9578 9775 9787 9992
96 CLVFAZYNNKPCYZYA 58 65 80 180 255 322 486 520 741 753 764 769 876 1016 1212 1234 1292 1469 1489 2312 2351 2429 2635 2693 2730 2833 2840 2982 2987 2995 3007 3016 3048 3082 3148 3204 3224 3405 3472 3493 3510 3668 3730 3734 3812 3890 4112 4313 4416 4431 4650 4670 4708 4721 4863 5041 5048 5056 5237 5252 5358 5365 5489 5605 5854 5966 6224 6285 6539 6584 6610 6874 7078 7230 7316 7370 7415 7468 7744 8027 8082 8121 8195 8301 8308 8315 8320 8386 8907 9246 9727 9795 9900 9917 9940 9981
108 CBGSKXTPJFDINZVW 59 647 783 1143 1193 1248 1291 1428 1460 1567 1758 2160 2326 2476 2608 2777 3053 3132 3190 3256 3300 3301 3372 3438 3452 3534 3626 3646 3708 3752 3767 3775 3818 3978 4018 4034 4202 4238 4499 4655 4665 4710 4777 4906 4968 5021 5086 5195 5218 5240 5290 5335 5383 5398 5403 5448 5641 5685 5688 5772 5807 5812 5826 5933 5963 6041 6042 6079 6113 6377 6427 6428 6439 6445 6546 6586 6616 6684 6902 6944 7184 7240 7546 7599 7729 7812 7823 7860 8108 8252 8257 8481 8508 8631 8963 8992 9017 9063 9144 9193 9317 9345 9381 9477 9569 9607 9653 9902
109 ANNOYWKBXNWKNXOT 60 298 497 658 1058 1141 1162 1205 1249 1299 1367 1453 1537 1544 1684 1719 1760 1858 1894 2007 2220 2280 2332 2390 2433 2485 2540 2596 2826 3019 3243 3733 3736 3790 3853 3916 3957 3959 4002 4024 4282 4389 4402 4681 4693 4803 4829 4866 4957 5006 5060 5328 5677 5745 5886 5905 5908 5993 5994 6046 6487 6596 6628 6681 6683 6778 6795 6880 7026 7103 7441 7478 7559 7650 7726 7791 7899 7964 8049 8095 8173 8284 8314 8358 8424 8493 8510 8549 8573 8678 8760 8816 8833 8853 8859 8924 9040 9067 9161 9334 9420 9587 9710 9739 9749 9914 9935 9937 9949
112 TMUQYAGTCLXELMMZ 61 140 174 320 649 726 845 874 885 1111 1148 1317 1326 1508 1650 1716 2049 2061 2121 2400 2512 2576 2659 2849 2947 3002 3031 3074 3238 3337 3391 3399 3481 3826 4063 4208 4310 4388 4560 4580 4637 4717 5023 5052 5128 5151 5331 5352 5426 5517 5563 5599 5614 5667 5704 5739 5744 5829 5831 5996 6125 6153 6231 6286 6300 6310 6372 6398 6410 6555 6560 6791 6818 6867 6909 6922 6982 7008 7048 7124 7195 7225 7226 7255 7609 7676 7733 7853 7902 8051 8103 8221 8256 8341 8411 8458 8518 8744 8785 8891 8969 9104 9150 9230 9342 9462 9510 9643 9750 9751 9803 9962
86 UHGQKFNNVLIGAORG 62 147 197 427 436 611 692 714 788 817 903 906 927 944 945 1209 1549 1630 1721 2104 2859 2878 2884 2893 2973 3101 3249 3260 3267 3316 3350 3623 3749 3770 3849 4074 4224 4625 4630 4635 4862 4880 5083 5088 5099 5180 5316 5379 5491 5506 5521 5581 5794 5920 5983 6309 6320 6335 6408 6430 6460 6516 6739 6771 6821 7060 7203 7404 7408 7544 7721 7804 8130 8199 8248 8259 8416 8752 8968 9051 9158 9218 9241 9291 9780 9826
102 DSZHRXBQSVXCPKVF 64 72 304 369 380 509 588 609 669 674 693 733 822 890 1230 1237 1252 1308 1376 1515 1862 1980 2012 2013 2140 2227 2359 2392 2465 2528 2676 2696 2698 2814 2857 2999 3069 3201 3480 3645 3659 3789 3844 3892 3900 3914 3983 4010 4185 4259 4344 4496 4507 4654 4891 4903 5228 5372 5378 5536 5665 5724 5927 6093 6104 6477 6618 6757 6825 6952 7000 7071 7120 7186 7200 7274 7368 7520 7536 7575 7698 7987 8038 8104 8110 8184 8219 8569 8584 8663 8905 9109 9164 9207 9429 9475 9563 9621 9721 9740 9831 9878
94 YDKBSJKQNAYWHVXT 67 84 120 317 405 416 430 453 501 526 680 820 865 873 875 893 990 1169 1282 1464 1488 1505 1585 1764 2028 2179 2216 2260 2334 2379 2461 2484 2628 2641 2770 2847 3163 3266 3373 3614 3658 3731 3811 3993 4261 4315 4317 4605 4628 4784 4935 5078 5133 5135 5139 5177 5340 5453 5765 5844 5978 6190 6237 6239 6267 6348 6360 6559 6617 6811 7224 7297 7313 7317 7467 7638 7669 7671 7806 7927 8274 8376 8489 8494 8643 8645 8668 8730 9404 9493 9513 9687 9861 9884
115 UQXKFPAWSGKLGALL 68 108 211 254 292 307 443 519 681 721 809 879 954 1056 1062 1126 1528 1632 1761 1857 1863 1875 2031 2037 2410 2523 2551 2674 2758 2844 2850 2867 3024 3062 3112 3128 3215 3239 3306 3334 3389 3449 3561 3650 3684 3810 3820 3841 3891 3907 3940 4054 4101 4109 4140 4219 4364 4412 4470 4569 4570 4622 4678 4691 4707 4927 4978 5108 5122 5248 5263 5304 5500 5511 5731 5760 5902 5947 5980 6195 6270 6295 6604 6789 6964 7014 7016 7027 7371 7374 7481 7558 7820 7840 7889 8083 8391 8447 8579 8624 8635 8669 8701 8723 8739 8818 8844 9132 9140 9149 9209 9262 9421 9619 9874
94 CTCEKYDDUJCJGMUM 69 97 286 410 441 559 572 601 877 1035 1073 1155 1255 1421 1443 1599 1635 1643 1686 1722 1774 2044 2324 2377 2593 2606 2612 2639 2799 2931 2937 3005 3036 3123 3276 3473 3542 3621 3679 3680 3714 3962 4124 4353 4513 4828 5087 5314 5617 5651 5696 5788 5801 5932 6045 6062 6149 6251 6280 6356 6362 6406 6478 6605 6673 6955 7142 7331 7340 7484 7601 7622 7880 8319 8325 8338 8390 8490 8679 8796 8832 8838 9009 9309 9351 9365 9455 9532 9679 9789 9796 9802 9813 9980
106 AMKWVQRNAPYQOHAD 71 83 89 143 192 239 550 589 599 615 682 715 857 933 1010 1107 1109 1352 1404 1441 1566 1794 1826 1897 1906 1923 1958 2017 2369 2422 2439 2444 2615 2807 3073 3114 3203 3217 3376 3409 3618 3738 3739 3839 3984 4017 4052 4170 4262 4285 4340 4477 4515 4682 4790 4834 4887 4969 4988 5092 5160 5312 5406 5458 5495 5526 5656 5697 5708 5799 5852 5945 6039 6155 6263 6334 6466 6565 6608 6904 6963 7010 7102 7152 7217 7243 7275 7495 7509 7621 7635 7768 8047 8275 8615 8691 8874 8879 8916 9135 9175 9290 9452 9479 9978 9995
93 ZUQYJDBFMEXXPCAN 75 282 294 306 374 781 929 1114 1167 1228 1302 1363 1533 1534 1652 1688 2084 2085 2096 2109 2168 2188 2190 2391 2760 2775 2794 2845 2953 3275 3280 3421 3529 3571 3587 3742 4136 4188 4354 4672 4768 4804 4867 5024 5200 5201 5206 5211 5666 6051 6301 6357 6626 6792 6805 6856 6878 6883 7022 7058 7097 7109 7235 7384 7418 7503 7691 7890 7967 7984 8011 8061 8084 8105 8189 8230 8409 8437 8511 8626 8972 9059 9156 9214 9227 9303 9363 9383 9549 9553 9565 9624 9758
96 JTCLJUPQRXVWOUUT 76 212 262 270 342 360 475 495 543 570 1071 1189 1425 1551 1848 2116 2122 2164 2231 2300 2502 2691 2796 2965 2966 2971 3220 3415 3582 3850 3909 4171 4199 4266 4291 4348 4395 4425 4434 4450 4671 4700 4705 4728 4800 4892 4920 5295 5399 5473 5523 5576 5608 5821 6094 6228 6343 6385 6388 6654 6671 6767 7045 7083 7262 7279 7330 7338 7496 7497 7528 7541 7736 8353 8370 8451 8536 8558 8630 8675 8773 9077 9088 9122 9197 9202 9275 9307 9315 9414 9425 9489 9616 9630 9632 9808
89 GUNXVTKWCPVAEWSJ 78 118 412 413 456 854 882 963 1246 1340 1595 1917 1991 2009 2143 2200 2268 2386 2508 2602 2647 2752 2898 2904 3014 3151 3221 3321 3412 3435 3616 3686 3691 3795 3902 3908 3945 4155 4217 4236 4277 4564 4744 4912 5063 5332 5402 5450 5486 5649 5784 5998 6132 6136 6142 6156 6210 6347 6375 6632 6796 6817 6920 7228 7430 7447 7475 7485 7658 7681 7702 7751 7875 7991 8109 8155 8215 8336 8405 8491 8851 8954 9185 9261 9547 9572 9594 9641 9923
106 RMJBGGIGXUTNORXK 79 99 129 258 285 370 390 522 549 747 834 968 1029 1177 1211 1224 1274 1389 1414 1444 1562 1629 1642 1649 1666 1747 1757 1905 1913 2005 2060 2167 2195 2248 2338 2437 2504 2725 2748 2765 2768 2786 2870 3000 3009 3045 3099 3233 3313 3442 3496 3602 3630 3688 3745 3830 3974 4196 4485 4999 5017 5225 5377 5396 5475 5481 5485 5531 5612 5631 5797 5875 5914 5953 6077 6325 6773 7006 7044 7066 7098 7223 7326 7410 7553 7592 7641 7811 7834 7926 8000 8058 8079 8092 8111 8435 8500 8742 9092 9327 9524 9674 9706 9800 9903 9965
97 FAYXGWHDCIOLSUER 86 116 382 444 591 622 655 656 934 966 1174 1279 1445 1560 1674 1718 1725 1762 1783 1927 2218 2301 2340 2486 2545 2948 3021 3197 3235 3365 3381 3432 3607 3613 3672 3796 4104 4221 4305 4392 4436 4522 4559 4573 4574 4640 4643 4669 4975 5031 5117 5230 5330 5356 5445 5472 5505 5548 5689 5707 5711 5791 5977 6015 6083 6084 6272 6589 6765 7080 7177 7310 7586 7632 7657 7692 7763 7816 7942 8119 8166 8211 8317 8622 8688 8870 8887 9141 9160 9208 9281 9412 9471 9752 9763 9827 9838
93 JPUVYQJIJELIDEHE 87 198 201 401 507 534 547 654 1012 1050 1080 1125 1168 1254 1381 1429 1536 1547 1573 1623 1648 1660 1670 1675 1904 1972 2254 2397 2426 2652 2672 2720 2761 2823 2885 2926 3109 3241 3302 3678 3690 3702 3777 4016 4066 4073 4119 5199 5270 5427 5594 5979 6115 6259 6514 6542 6724 6793 6873 6931 6962 7144 7146 7233 7302 7344 7611 7637 7758 7770 7906 7947 8046 8126 8129 8302 8328 8396 8397 8568 8634 8660 9005 9205 9288 9319 9328 9426 9446 9599 9647 9689 9805
116 IAXMNLSPVEYKMZDD 88 91 240 245 319 354 420 477 607 732 737 792 1020 1065 1075 1131 1185 1313 1336 1401 1586 1633 1910 1962 2036 2198 2224 2469 2516 2554 2595 2705 2719 2729 2762 2802 2868 2874 2892 2921 2968 2990 3184 3251 3470 3505 3556 3624 3704 3855 3862 3874 3998 4142 4228 4359 4370 4633 4904 5136 5243 5275 5315 5534 5545 5674 5684 5748 5776 5787 5790 6043 6161 6173 6197 6269 6307 6318 6353 6409 6498 6533 6547 6574 6679 6772 6954 7003 7036 7156 7204 7221 7284 7350 7420 7452 7455 7498 7737 7818 7856 7961 8186 8436 8603 8617 8893 8915 8922 9038 9075 9116 9369 9525 9646 9885
101 OPMLJKVROMLJRUSR 94 253 389 421 449 487 508 866 971 1036 1380 1644 1682 1696 1800 1852 2002 2115 2288 2299 2313 2315 2393 2505 2529 2560 2640 2699 3125 3147 3355 3489 3674 3757 4173 4178 4193 4343 4385 4514 4563 4732 4827 4842 4877 4896 4932 5038 5256 5281 5303 5307 5368 5597 5700 5811 5888 6180 6278 6465 6476 6540 6866 7199 7422 7523 7596 7619 7760 7764 8036 8065 8073 8088 8231 8321 8400 8468 8552 8595 8619 8822 8831 8867 8903 8906 8909 8934 8973 9076 9114 9174 9472 9494 9537 9550 9654 9714 9849 9931 9983
100 XYJXRDHIDOCDLRCN 95 113 125 161 204 338 378 455 505 544 628 639 973 1027 1227 1426 1512 1658 1732 1819 1837 1899 2137 2145 2232 2289 2304 2567 2750 2753 2852 2853 3044 3172 3330 3371 3453 3503 3509 3851 3942 4330 4602 4727 4821 4845 4849 4851 4876 5027 5040 5126 5318 5479 5499 5768 5800 6031 6055 6137 6176 6229 6417 6489 6502 6659 6677 6868 6891 6932 7091 7148 7219 7278 7332 7453 7538 7547 7588 7591 7695 7780 7916 8037 8098 8525 8674 8857 8999 9001 9107 9188 9299 9339 9410 9431 9490 9652 9869 9944
107 THGWEIMIJOBWIYXR 100 105 178 189 272 300 474 480 535 638 670 711 1293 1548 1594 1597 1631 1667 1699 1756 1829 1971 2003 2128 2136 2180 2244 2296 2591 2790 2848 3117 3393 3647 3751 3773 3831 3934 3990 4058 4128 4143 4214 4404 4459 4698 4736 4939 4960 4990 5053 5184 5197 5204 5298 5364 5514 5735 5848 5899 6049 6089 6091 6170 6218 6446 6468 6779 6819 6993 7131 7183 7320 7492 7652 7665 7703 7887 7985 8013 8091 8164 8309 8371 8517 8539 8564 8616 8638 8849 8883 8890 8948 8985 9099 9152 9344 9354 9356 9566 9596 9666 9718 9791 9807 9934 9991
97 JLZIHGEBNLVYQREY 103 185 289 355 488 511 921 1098 1221 1355 1463 1473 1511 1687 1698 1739 1925 2342 2475 2481 2661 2707 2724 2727 2821 2856 2936 2972 3227 3258 3262 3347 3513 3807 3951 4090 4192 4314 4472 4610 4679 4745 4815 5171 5336 5401 5613 5705 5780 5850 5856 5919 5921 6019 6200 6288 6414 6459 6643 6780 6839 6911 7086 7252 7386 7470 7482 7580 7697 7850 7897 7932 8039 8041 8072 8144 8146 8349 8372 8495 8507 8538 8607 8681 8784 8923 9006 9078 9139 9228 9378 9394 9520 9856 9876 9883 9984
104 YLJYRZXXQSHAGBDJ 107 114 205 251 330 353 580 583 690 718 735 824 930 959 1051 1149 1235 1411 1455 1524 1539 1563 1914 2479 2509 2521 2621 2650 2759 2880 2911 3043 3060 3127 3236 3403 3599 3632 3642 3758 3989 4005 4094 4131 4626 4947 5131 5152 5179 5266 5343 5394 5541 5575 5681 5922 5926 5984 6207 6217 6282 6518 6587 6619 6689 6706 6747 6966 7018 7121 7308 7401 7446 7710 7756 7775 7911 7934 7958 8224 8273 8286 8332 8392 8529 8762 8767 8912 8928 8987 9082 9238 9355 9496 9509 9580 9626 9659 9716 9747 9793 9816 9933 9961
102 PJEMOZIVFGEXPXES 110 465 561 708 756 936 938 967 1197 1361 1518 1577 1755 1806 1873 1949 1975 2008 2187 2333 2371 2381 2495 2556 2634 2858 3071 3086 3129 3149 3225 3292 3336 3354 3374 3594 3652 3881 3966 3977 4061 4191 4357 4391 4400 4455 4586 4659 4663 4716 4916 4965 5032 5202 5296 5391 5462 5578 5633 5766 5885 5972 6020 6227 6291 6296 6328 6391 6485 6713 6717 6727 6945 7034 7122 7507 7556 7589 7595 7713 7872 8247 8270 8395 8485 8592 8621 8995 9020 9086 9096 9101 9124 9169 9292 9359 9362 9415 9465 9593 9737 9798
97 ECSYSKBGIHFZRGEH 111 232 678 842 940 1121 1314 1519 1521 1574 1787 1851 1883 1961 1985 2135 2335 2374 2454 2613 2624 2683 2710 2773 2781 2820 2997 3058 3096 3158 3198 3386 3411 3506 3514 3598 3656 3689 3822 3929 4405 4432 4521 4532 4642 4666 4709 4751 4778 4841 5055 5073 5224 5387 5508 5527 5629 5701 5827 5904 5934 5990 5992 6061 6133 6238 6241 6273 6561 6664 6703 6865 7039 7251 7312 7436 7529 7662 7682 7740 7933 8035 8271 8276 8375 8423 8455 8474 8545 8600 8720 8889 9298 9320 9349 9505 9945
106 GKKINJOQWTYTZMBR 123 195 248 336 359 397 598 686 728 872 1030 1069 1122 1158 1204 1277 1581 1636 1706 1737 1738 1811 1831 1835 1886 1929 2090 2158 2166 2241 2443 2446 2457 2549 2609 2708 2784 3305 3585 3664 3712 3788 3823 3938 4098 4150 4175 4176 4231 4376 4720 4922 5084 5130 5137 5264 5341 5482 5574 5777 5913 5930 6008 6119 6441 6470 6538 6612 6661 6824 6885 6930 6937 7141 7289 7355 7423 7486 7531 7722 7830 7998 8007 8075 8087 8304 8431 8522 8566 8570 8593 8637 8666 8689 8702 8911 8964 9216 9323 9512 9571 9579 9705 9726 9926 9953
95 GBCGKSCKAKGXQKDA 124 138 171 173 223 325 373 536 579 974 1045 1113 1120 1231 1263 1413 1419 2192 2306 2416 2482 2555 2642 2706 2740 2829 2924 2938 3020 3025 3138 3161 3162 3257 3319 3387 3627 3653 3858 4099 4139 4154 4295 4350 5029 5115 5174 5293 5385 5447 5763 5767 5806 5822 5889 5907 5944 6047 6063 6112 6169 6287 6308 6454 6457 6522 6534 6625 6669 6728 6748 6814 6834 7094 7277 7283 7664 7677 7724 7956 8059 8311 8334 8623 8814 8919 9022 9282 9301 9417 9776 9927 9966 9987 9993
99 ATFPYACGZJMJGYUP 126 333 365 411 523 551 614 620 636 645 878 965 1001 1164 1407 1456 1462 1620 1708 1770 1812 1937 2043 2110 2349 2372 2425 2490 2565 2568 2653 2877 2940 3113 3207 3264 3335 3644 3677 3740 3760 3779 3968 4055 4092 4207 4379 4467 4490 4516 4617 4631 4652 4714 5091 5095 5181 5185 5250 5284 5321 5408 5425 5635 5654 5756 5965 5995 6011 6151 6247 6346 6471 6652 6660 6881 7134 7287 7376 7786 7800 8071 8097 8285 8359 8557 8560 8738 8788 8957 9027 9072 9136 9458 9544 9597 9627 9648 9964
81 WCEYIKXVIWNNHFYF 128 190 433 564 676 819 1152 1159 1344 1486 1502 1571 1882 1970 2053 2138 2199 2243 2263 2586 2682 2703 2754 2918 3111 3223 3309 3528 3643 3649 3754 4019 4223 4525 4798 4963 5093 5142 5222 5254 5424 5480 5504 5512 5540 5778 5898 6379 6545 6640 6875 6886 6956 6979 7004 7032 7271 7322 7387 7421 7629 7678 7829 7896 7995 8064 8089 8180 8246 8432 8812 9102 9196 9297 9419 9574 9734 9812 9932 9975 9985
90 YDSTPATRXMMJYDAF 135 145 279 337 346 424 435 437 578 689 957 1003 1176 1294 1297 1341 1535 1593 1655 1741 1784 1854 1903 1934 2101 2177 2530 2534 2607 2619 2935 3152 3174 3212 3245 3648 3802 4105 4149 4211 4471 4495 4657 4846 4962 5051 5111 5140 5168 5226 5374 5601 5683 5823 6129 6158 6213 6311 6314 6434 6452 6492 6651 6695 6853 6869 6895 6898 6946 7013 7273 7406 7549 7590 7659 7660 7790 8149 8466 8519 8722 8829 8875 8917 9182 9199 9516 9557 9715 9986
114 IWZMXOZUETYDFZTW 136 203 284 316 383 407 539 605 855 861 864 931 960 1057 1094 1099 1199 1232 1300 1347 1499 1542 1748 1778 1782 1795 1952 2170 2246 2367 2622 2687 2700 2711 3130 3290 3344 3491 3517 3764 3861 4022 4040 4146 4179 4206 4329 4358 4408 4421 4428 4439 4611 4747 4783 4806 4812 4982 5167 5233 5236 5311 5522 5616 5640 5910 6033 6036 6182 6222 6421 6530 6613 6668 6680 6716 6742 6749 6761 6782 6831 7079 7194 7276 7318 7429 7471 7487 7490 7517 7636 7863 7914 7928 7931 7965 8162 8383 8498 8523 8571 8654 8743 8755 8863 9024 9206 9287 9382 9435 9499 9797 9942 9967
113 RCZXQCDCDKDBUNJT 141 186 194 457 491 541 569 634 650 664 770 955 1019 1024 1061 1092 1262 1427 1436 1785 1815 1816 1889 1896 1965 2033 2041 2151 2266 2363 2470 2513 2657 2879 2943 2979 3052 3216 3247 3367 3441 3474 3603 3671 3682 3711 3976 4147 4161 4346 4365 4476 4497 4566 4746 4789 4791 4915 4985 5026 5306 5400 5583 5618 5774 5820 5877 5891 5917 6085 6120 6124 6422 6523 6649 6699 6935 6953 7073 7123 7190 7454 7460 7551 7653 7683 7727 7814 7877 7886 8020 8152 8165 8198 8307 8363 8426 8433 8580 8696 8774 8978 8982 9057 9159 9170 9226 9308 9413 9623 9628 9744 9889
94 YNRRAILZNVADOOGN 144 182 219 250 500 643 709 867 995 1007 1018 1145 1329 1472 1564 1734 1752 1799 1885 1888 2029 2062 2117 2156 2212 2293 2388 2427 2452 2542 2616 2671 2967 3001 3422 3488 4072 4311 4382 4492 4600 4644 5282 5510 5525 5588 5600 5644 5761 5775 5814 6004 6081 6096 6201 6290 6340 6429 6453 6729 6835 6884 6893 6996 7017 7025 7294 7424 7462 7513 7518 7587 7847 7954 8043 8135 8151 8296 8337 8443 8497 8729 8771 8846 8854 8908 9058 9375 9485 9592 9603 9764 9766 9880
95 BAFIGQSYCJULAGEC 148 398 740 754 784 786 825 826 910 992 1244 1321 1371 1378 1492 1618 1729 1733 2095 2233 2308 2337 2370 2376 2601 2629 2722 2842 2854 2869 2922 2927 3075 3304 3325 3341 3692 3875 3939 4096 4102 4138 4205 4403 4460 4557 4684 4830 4860 4875 5054 5166 5389 5678 5721 5862 6024 6315 6326 6582 6609 6678 6682 6799 6990 7090 7126 7129 7149 7394 7625 7686 7774 7807 7810 7879 7970 8026 8253 8399 8421 8520 8528 8602 8717 8787 8868 8913 9294 9441 9595 9759 9820 9909 9954
98 GYWZOBRQMTZATAXB 150 727 762 787 860 899 922 1359 1403 1543 1668 1921 1922 1986 2226 2420 2537 2559 2566 2573 2662 2806 2873 2991 3059 3166 3188 3254 3352 3487 3538 3615 3828 4100 4232 4256 4355 4360 4656 4769 4772 4928 4981 5144 5357 5528 5723 5755 5881 5923 6110 6205 6305 6324 6425 6431 6766 6974 7015 7052 7069 7181 7188 7231 7448 7473 7474 7743 7846 7854 7948 8010 8024 8032 8206 8228 8343 8364 8374 8555 8644 8647 8648 8705 8735 8817 8953 9029 9269 9348 9353 9397 9482 9558 9577 9631 9645 9692
95 AGGMQLHDILLSMJPP 152 235 388 434 604 610 661 870 909 939 953 1173 1179 1348 1550 1576 1788 1792 1830 1842 1941 1982 2561 2749 3108 3120 3222 3369 3479 3483 3545 3845 3975 4278 4280 4297 4306 4352 4480 4501 4518 4688 4711 4794 4923 4934 4996 5102 5148 5837 5864 5971 6009 6076 6368 6591 6896 6970 6983 6989 7272 7299 7616 7618 7626 7634 7649 7754 7835 7963 8081 8138 8159 8335 8388 8567 8677 8711 8811 8848 8880 8926 8961 9240 9248 9255 9273 9440 9456 9531 9683 9691 9736 9817 9955
111 AMCOYDAYXGBAGWWY 154 208 256 265 396 459 496 751 961 1013 1187 1240 1258 1270 1354 1478 1514 1637 1711 1789 1924 2020 2059 2076 2093 2131 2132 2204 2206 2380 2747 2791 2901 3039 3231 3288 3461 3478 3537 3550 3577 3800 3843 3886 3910 3935 3987 4157 4333 4562 4572 4715 4742 4755 4805 4816 4843 4956 5106 5255 5269 5325 5439 5533 5561 5590 5740 6274 6436 6525 6576 6714 6756 6769 6924 7011 7031 7167 7201 7216 7222 7311 7483 7565 7728 7732 7772 7908 7960 8090 8118 8139 8351 8369 8703 8732 8881 8900 8920 8938 9171 9176 9224 9403 9501 9560 9662 9667 9804 9860 9976
107 MNWCYETHKLFVTOSU 168 225 339 440 553 675 703 730 767 964 1031 1132 1337 1402 1435 1704 1746 1822 2091 2162 2341 2449 2458 2580 2824 2836 3153 3167 3175 3205 3281 3349 3370 3420 3451 3466 3589 3611 3706 3723 3727 3801 4031 4084 4174 4240 4250 4268 4288 4338 4369 4419 4649 4706 4729 4918 5190 5227 5347 5422 5669 5699 5839 6189 6196 6416 6447 6455 6515 6550 6631 6634 6685 6785 6823 7059 7101 7115 7117 7414 7522 7533 7569 7574 7612 7623 7711 7864 7943 8034 8113 8214 8377 8598 8708 8761 8802 9037 9125 9165 9302 9582 9591 9669 9755 9774 9921
98 HOTUSBCVDRNVYHKB 175 327 343 349 452 461 743 821 999 1104 1285 1315 1516 1553 2102 2130 2196 2464 2487 2506 2520 2557 2690 2919 2957 2969 3010 3259 3293 3497 3524 3854 3917 3971 4048 4120 4367 4393 4449 4464 4502 4571 4893 4929 4933 5107 5113 5118 5132 5170 5196 5257 5416 5496 5568 5570 5604 5851 5982 6022 6262 6339 6549 6592 6732 6777 6800 6938 7105 7282 7349 7403 7562 7573 7608 7750 7844 7871 7898 7920 8086 8393 8597 8736 8740 8765 8827 8840 8956 8981 8997 9013 9016 9210 9491 9588 9843 9847
95 YZSDKWALLMYRSNEY 199 280 385 425 533 683 696 699 898 981 982 1309 1602 1604 1617 1773 1870 1872 1933 2113 2114 2127 2191 2202 2404 2605 2717 2929 2963 3040 3185 3273 3430 3527 3580 3660 3887 3997 4015 4116 4235 4312 4444 4544 4591 4900 5047 5147 5363 5551 5592 5626 5659 5715 5804 5871 6001 6007 6306 6500 6627 6718 6750 6759 6783 6830 6851 7292 7411 7501 7542 7566 7627 7787 7925 7994 8123 8179 8698 8714 8809 8843 8845 8850 8855 8935 9044 9393 9476 9651 9725 9825 9872 9894 9947
100 LNUBCRHGSATJAURF 206 498 531 748 902 983 1100 1194 1281 1387 1501 1685 1692 1907 1997 2014 2016 2083 2413 2460 2532 2584 2658 2681 2830 2889 2955 3026 3119 3146 3383 3465 3541 3768 3804 3859 3918 4093 4158 4239 4567 4604 4687 4752 4765 4874 4977 4987 5068 5146 5178 5244 5345 5546 5549 5569 5625 5639 5642 5717 5738 5743 5833 5858 6066 6211 6223 6317 6433 6480 6578 6624 6665 6828 6992 7053 7072 7147 7155 7185 7192 7285 7314 7357 7383 7465 7663 7707 7789 7951 8066 8413 8583 8745 8921 8944 9229 9330 9387 9818
106 CFBRAXAMBKCMPLXS 209 241 291 303 318 558 888 935 976 1037 1086 1136 1210 1217 1304 1320 1324 1390 1408 1584 1766 1775 1779 1790 1824 1884 1981 2219 2283 2558 2569 2600 2782 2783 2815 2970 3136 3214 3322 3333 3377 3402 3579 3604 3636 3781 3876 4080 4145 4210 4272 4398 4775 4785 4864 4992 5018 5164 5176 5194 5217 5268 5434 5630 5660 5915 5939 5950 6060 6098 6260 6303 6394 6405 6635 6715 6797 6923 6941 7266 7363 7688 7701 7712 7798 8053 8080 8178 8190 8534 8561 8601 8640 8783 8805 8955 8975 9014 9047 9071 9084 9087 9263 9427 9536 9551
101 CUNOCYLYELLBZFMT 210 261 324 367 460 483 722 775 850 859 869 1269 1736 1753 1878 1900 2004 2032 2270 2402 2440 2441 2491 2497 2499 2603 2701 2771 2792 2798 2801 2916 3027 3081 3100 3144 3329 3414 3523 3553 3565 3597 3782 3897 3919 4078 4085 4281 4298 4372 4374 4462 4504 4526 4576 4624 4737 4820 4853 5175 5203 5274 5454 5577 5706 5867 5884 5948 6027 6333 6443 6606 6658 6722 6731 6735 6892 6913 7002 7268 7286 7661 7757 7794 7882 7913 7982 8096 8197 8244 8300 8379 8535 8712 8895 9187 9409 9473 9570 9845 9915
95 GGPMCPZGRPKEMRDU 214 351 493 576 691 766 798 800 830 838 908 1102 1206 1229 1405 1459 1609 1626 1727 1809 1935 1954 2081 2201 2209 2242 2305 2493 2578 2665 2883 3028 3066 3345 3385 3390 3416 3552 3572 4008 4424 4466 4519 4549 4612 4634 4759 4854 5198 5348 5529 5712 5733 5894 5896 5970 6012 6159 6641 6693 6712 6847 6882 6919 6934 7012 7245 7260 7325 7333 7725 8012 8134 8182 8203 8294 8366 8478 8671 8734 8779 8808 8823 8876 9004 9113 9148 9217 9220 9237 9260 9712 9742 9822 9994
115 SEQQDCACPXNQKHBA 215 313 392 438 524 642 671 685 758 780 823 856 920 958 1087 1144 1323 1374 1487 1611 1665 1680 1869 1918 1919 1990 2099 2134 2161 2236 2275 2285 2298 2378 2399 2494 2669 2686 2746 2839 3008 3041 3097 3157 3230 3525 3535 3539 3622 3681 3732 3808 3888 3901 3932 3969 4025 4041 4200 4331 4712 4793 4797 4824 4858 4883 4908 5009 5037 5116 5373 5417 5433 5466 5553 5727 5736 6056 6168 6350 6510 6615 6675 6807 7063 7076 7140 7218 7261 7351 7356 7602 7668 7734 7783 7971 8015 8021 8347 8408 8553 8680 8685 8778 9054 9068 9186 9189 9324 9453 9457 9620 9735 9832 9918
92 VMKDVUOEAAZYZSRA 216 295 515 600 617 688 713 736 806 818 839 1188 1312 1346 1572 1592 1845 1881 1938 2108 2139 2310 2623 2714 2888 3090 3155 3250 3380 3382 3578 3936 3956 4062 4234 4252 4263 4453 4673 4837 4919 4930 5011 5235 5317 6068 6078 6135 6178 6194 6243 6336 6397 6403 6622 6803 6951 7514 7516 7525 7605 7630 7675 7859 7909 7935 8002 8055 8212 8260 8267 8352 8362 8401 8439 8618 8746 8806 8813 8990 9093 9223 9245 9313 9437 9444 9463 9480 9564 9730 9823 9941
85 CFYLHRYSMTBOLNSS 264 471 530 624 644 719 794 1047 1054 1166 1243 1311 1397 1504 1664 1712 1798 2184 2384 2450 2954 3064 3160 3176 3253 3255 3417 3519 3522 3724 3743 3948 3991 4070 4118 4201 4328 4509 4632 4701 5043 5267 5370 5407 5501 5586 5634 5789 5835 5843 5869 5874 5911 5991 6253 6461 6577 6858 7295 7364 7375 7560 7876 7884 8056 8107 8209 8229 8278 8316 8318 8427 8608 8815 9120 9357 9605 9614 9681 9728 9783 9837 9905 9919 9951
94 YUDYBIVTOJXJMIZJ 266 276 278 323 372 613 619 651 729 795 805 942 1014 1039 1422 1510 1610 1616 1955 2011 2024 2488 2518 2527 2610 2964 3038 3049 3063 3530 3576 3695 3710 3873 4129 4186 4289 4443 4523 4555 4589 4621 4731 4819 4910 4914 5033 5289 5324 5404 5440 5832 5912 6105 6164 6322 6448 6562 6686 7214 7247 7390 7502 7519 7716 7742 7747 7769 7808 8094 8202 8204 8217 8299 8312 8327 8699 8716 8830 8967 9244 9251 9270 9271 9280 9285 9411 9561 9657 9711 9731 9875 9950 9969
114 ZATROKVMOYNEXSYB 267 399 463 502 725 1153 1184 1496 1513 1605 1653 1678 1898 2065 2077 2129 2169 2234 2281 2373 2389 2660 2664 2679 2718 2728 2813 2828 2896 2986 3029 3568 3619 3824 3833 3869 3877 3889 4012 4046 4075 4077 4135 4218 4286 4371 4406 4446 4468 4520 4558 4667 4909 4925 4955 4967 5134 5161 5241 5286 5353 5375 5384 5442 5478 5671 5710 5872 5887 5909 6030 6141 6181 6199 6256 6299 6532 6570 6599 6656 6663 6888 6950 6985 7062 7139 7578 7699 7748 7838 7866 7992 8006 8163 8177 8242 8350 8355 8387 8460 8512 8604 8650 8655 8897 8965 8980 9379 9422 9498 9573 9629 9882 9977
93 FWOYYPYIWRAUWEHN 273 448 481 521 637 704 804 833 1129 1275 1418 1641 1657 1807 1944 1974 1995 2157 2323 2571 2636 2764 2996 3065 3067 3173 3351 3357 3419 3429 3460 3778 3835 3879 3893 3906 3953 3963 4007 4287 4461 4620 4639 4779 4835 4872 5008 5022 5100 5459 5692 5737 5883 6057 6102 6188 6202 6449 6472 6897 7051 7128 7258 7555 7567 7631 7705 7936 8014 8040 8462 8515 8524 8582 8747 8792 8801 8837 8886 9085 9133 9267 9279 9325 9395 9438 9460 9517 9526 9541 9555 9584 9698
112 IBCCSQNHDVUCNHVW 283 391 431 554 803 904 914 972 980 1095 1195 1364 1691 1821 1915 1932 1967 1998 2087 2092 2100 2147 2361 2395 2447 2472 2510 2582 2757 2800 2837 2907 2930 2983 2993 3141 3272 3320 3612 3699 3780 3868 3882 4097 4103 4335 4426 4479 4529 4590 4608 4692 4734 4811 4856 4868 4870 5109 5215 5234 5260 5292 5308 5537 5582 5895 5897 6154 6163 6171 6172 6781 6879 6978 7007 7084 7353 7380 7491 7583 7617 7644 7656 7795 7796 7809 7861 7903 8050 8070 8175 8176 8185 8258 8434 8461 8469 8504 8533 8548 8658 8803 8942 9061 9252 9343 9464 9484 9528 9757 9782 9790
90 INXAHJSOZXGBVKDM 301 789 884 889 978 1025 1116 1151 1276 1316 1589 1612 1663 1715 1769 1839 1844 2120 2185 2215 2436 2496 2503 2604 2644 2738 2742 2743 2787 2855 2951 3012 3095 3240 3431 3540 3575 3635 3766 3903 3979 4051 4133 4144 4183 4225 4440 4551 4593 4817 5014 5187 5220 5467 5554 5562 5645 5653 5655 5757 6355 6378 6415 6556 6687 6707 6725 6877 6948 7269 7366 7434 7647 7785 7841 7885 8019 8028 8029 8306 8633 8727 8795 8946 9003 9183 9254 9660 9877 9970
97 EKJRXZYWKSAUWJMC 328 560 603 640 666 926 975 1038 1040 1052 1417 1545 1943 2064 2089 2240 2292 2330 2471 2548 2715 2923 2933 3023 3032 3181 3315 3327 3596 3639 3735 3771 3793 3961 3965 4020 4125 4164 4237 4316 4441 4512 4530 4959 5209 5258 5283 5310 5366 5412 5420 5567 5842 5924 6144 6219 6497 6512 6646 6670 6691 6719 6738 6860 7749 7777 7839 7849 7891 7892 7907 7924 8005 8192 8339 8385 8695 8841 8988 9145 9236 9247 9265 9372 9390 9468 9539 9598 9636 9638 9677 9701 9801 9839 9844 9855 9898
105 FWKCNCWZLTBSATXU 344 358 446 772 1124 1137 1175 1202 1368 1431 1450 1482 1606 1619 1654 1723 1834 1836 1847 1856 1956 1992 2207 2237 2278 2348 2414 2434 2587 2617 2712 2860 2872 2875 2876 2958 3107 3314 3361 3500 3631 3634 3662 3863 3967 3988 4137 4243 4276 4336 4618 4661 4726 4825 4937 5034 5182 5294 5344 5395 5471 5509 5602 5628 5636 5859 5976 6035 6127 6235 6281 6395 6558 6571 6887 6975 7237 7428 7535 7642 7687 7826 7842 7912 7953 8161 8240 8272 8283 8502 8641 8828 9010 9079 9091 9151 9399 9449 9506 9590 9610 9663 9729 9765 9846
103 VBXGSDHZZJCJCBHK 361 542 571 665 710 716 717 760 846 913 956 1049 1084 1222 1284 1338 1412 1600 1697 1876 1993 2018 2152 2178 2522 2539 2575 2675 2745 2769 2810 2891 3170 3384 3401 3729 4035 4039 4114 4122 4203 4300 4304 4322 4366 4423 4454 4599 4770 4894 4971 5123 5265 5338 5367 5519 5566 5652 5695 6092 6146 6341 6435 6566 6611 6721 6741 6752 6957 6997 7054 7075 7113 7248 7257 7323 7324 7655 7851 8017 8345 8470 8629 8639 8780 8782 8902 9121 9146 9154 9180 9274 9289 9332 9386 9389 9447 9514 9723 9840 9853 9892 9948
112 TTMKLWEQTSAMNTXS 402 532 545 575 582 672 734 994 1041 1060 1068 1219 1236 1345 1384 1484 1808 1920 2171 2197 2262 2311 2316 2466 2531 2546 2599 2731 2832 2895 3056 3118 3206 3209 3299 3433 3445 3543 3590 4265 4299 4465 4488 4584 4767 4773 4838 4839 4861 4944 4972 5016 5121 5189 5305 5350 5413 5437 5593 5734 5861 5936 5946 5956 6048 6080 6232 6245 6329 6552 6650 6764 6801 6813 6826 7005 7023 7042 7085 7092 7125 7169 7256 7336 7359 7613 7685 7792 7824 7919 8102 8150 8226 8454 8484 8578 8589 8728 8741 8979 8993 9049 9081 9123 9190 9408 9434 9500 9600 9724 9829 9988
97 DXBXVQAHZMMWMATV 442 464 479 516 648 759 849 853 901 1127 1298 1477 1645 1647 1651 1679 1701 1765 1814 1928 1947 2163 2271 2331 2483 2667 2744 2861 2905 2949 3168 3428 3437 3467 3592 3805 3815 4168 4229 4267 4373 4383 4409 4458 4541 4595 4683 4762 5035 5276 5302 5390 5650 5657 5663 5758 5880 6359 6474 6494 6743 6836 6936 6972 6991 6995 7135 7399 7540 7776 7873 8076 8143 8225 8250 8417 8441 8766 8810 9021 9036 9097 9108 9163 9276 9368 9481 9601 9612 9649 9680 9696 9707 9754 9760 9891 9899
85 ORLUIAFMEQJOCLLM 454 625 673 768 948 1272 1410 1558 1578 1628 1677 1705 1724 2353 2412 2574 2589 2974 2988 2994 3140 3378 3588 3609 3657 3955 4003 4113 4134 4245 4247 4248 4264 4334 4435 4448 4638 4781 4980 5030 5036 5049 5145 5221 5232 5246 5362 5428 5596 6143 6354 6366 6517 6535 6595 6642 6662 6737 6751 6774 6849 7372 7493 7593 7918 7922 8045 8131 8330 8389 8467 8610 8653 8856 8976 9007 9167 9272 9283 9321 9407 9745 9814 9834 9998
