40
0
0
0
0
0
0
0
49 0 0 1 1 2 3 3 3 4 4 5 7 8 8 8 10 13 16 17 17 17 17 19 22 26 26 26 27 28 29 30 30 31 32 32 33 34 36 38 39 40 42 42 44 45 47 48 49 49
0
0
0
23 0 1 1 5 6 7 7 8 12 19 19 21 26 34 39 39 39 41 44 46 46 48 48
0
14 0 2 4 20 21 22 24 26 30 34 44 45 47 47
0
48 0 0 2 4 4 4 5 5 6 6 6 7 8 8 8 9 9 12 13 13 13 14 15 16 17 17 18 18 20 20 22 25 29 29 29 30 31 34 38 43 43 44 45 45 47 47 49 49
0
0
0
0
36 0 4 7 7 8 12 12 12 13 14 14 17 18 22 23 28 31 32 32 33 34 35 36 39 40 42 42 43 43 44 46 46 47 47 48 49
12 17 27 27 31 35 36 38 39 45 46 49 49
9 3 4 15 28 35 39 39 41 46
0
41 1 2 3 3 3 3 4 6 6 7 8 9 14 15 16 17 19 21 25 25 27 27 28 28 29 30 30 31 32 33 35 37 38 40 42 42 42 43 44 44 45
0
0
17 2 5 7 8 13 14 16 21 24 27 30 34 37 41 41 47 47
0
0
0
0
0
13 13 14 20 21 22 23 25 29 29 34 36 36 43
14 8 13 15 16 18 19 19 25 27 34 40 43 45 46
0
0
0
0
18 1 2 2 5 6 10 11 17 19 19 20 21 27 30 33 42 45 46
