50
199 0 1 7 8 8 8 8 11 15 16 17 18 20 20 22 23 23 25 25 25 26 27 29 29 30 32 32 34 34 36 36 38 40 41 43 43 44 45 47 49 50 52 52 53 54 54 54 54 54 55 55 57 60 64 67 68 70 70 71 73 73 74 78 79 87 88 91 95 96 96 98 99 99 100 103 103 103 104 105 108 112 112 113 118 120 120 122 122 123 123 124 128 130 131 135 137 137 139 143 144 152 152 152 152 152 157 157 157 164 166 170 173 174 175 177 178 178 182 185 186 188 188 189 190 192 192 194 201 201 203 209 210 210 210 211 212 212 217 219 220 221 227 228 230 233 233 237 237 239 240 242 243 244 245 246 246 248 249 249 254 255 256 258 259 259 260 261 261 261 261 261 262 263 264 267 268 268 277 282 282 283 284 284 284 285 286 287 287 289 289 289 289 291 294 295 296 298 298 299
0
209 0 0 0 1 6 11 16 18 25 28 28 32 35 35 36 36 38 38 39 39 41 43 44 45 46 46 46 49 50 51 55 55 55 57 57 58 58 58 58 59 59 64 66 67 71 72 72 74 75 76 76 78 79 79 80 81 82 90 91 92 92 93 95 96 97 98 98 101 104 106 109 111 111 111 114 116 117 117 117 118 118 121 122 122 125 126 127 128 129 130 131 132 134 134 135 136 137 138 138 138 142 142 145 145 147 148 152 152 153 153 154 155 157 157 159 159 161 165 167 168 169 169 170 171 171 173 174 175 175 176 177 178 178 179 182 186 186 191 191 192 194 196 197 197 198 199 200 203 204 207 207 207 208 208 210 212 212 214 217 218 225 229 229 230 230 231 232 232 232 233 236 237 237 238 239 243 244 246 246 248 254 255 256 260 261 261 261 263 264 265 266 270 270 271 271 276 277 278 280 281 286 287 289 289 289 289 290 295 297
104 0 3 8 9 12 13 14 16 18 21 28 30 32 35 38 40 41 41 42 46 47 48 54 54 56 59 62 63 71 71 71 72 72 87 87 93 99 103 103 108 110 116 117 125 126 127 128 130 136 136 139 139 141 143 144 149 154 161 166 166 170 171 172 174 182 183 183 184 186 188 200 202 202 203 214 218 220 222 224 225 230 241 244 253 259 261 263 265 267 272 279 280 280 281 282 286 286 288 293 295 297 297 299 299
41 18 21 22 40 54 56 63 70 83 84 86 93 112 117 122 124 130 132 138 143 145 147 153 161 179 184 201 209 219 225 252 260 262 265 265 268 268 273 275 293 295
0
239 1 1 1 2 4 5 7 7 8 9 10 11 12 14 16 18 18 22 23 26 26 27 28 30 32 34 35 36 36 38 38 40 42 44 44 44 45 48 49 50 50 52 54 58 59 61 62 62 64 64 66 67 68 68 68 68 69 69 72 73 75 76 76 80 83 87 87 88 89 89 91 91 93 93 95 96 96 97 103 104 106 108 108 111 112 116 116 116 118 119 123 127 128 129 130 132 132 133 133 133 134 134 137 144 145 145 147 147 147 148 151 151 151 152 152 153 153 155 155 159 162 162 163 164 166 167 168 169 170 171 171 172 173 177 177 178 180 182 185 188 189 190 190 191 191 192 194 194 194 196 199 202 204 205 206 209 210 210 211 211 212 214 216 218 220 221 221 221 221 221 223 224 225 225 226 228 228 230 230 230 230 231 231 236 236 238 238 239 240 240 241 243 243 244 245 245 249 250 251 251 254 254 256 257 257 258 258 259 260 262 266 266 266 267 267 267 269 273 275 275 278 279 279 281 282 283 284 286 287 290 290 291 295 295 295 295 296 297 297
0
184 0 0 1 1 3 10 11 13 13 14 17 18 19 20 24 24 25 27 28 32 34 35 37 38 39 39 39 40 42 45 47 49 50 50 52 53 54 62 66 69 69 72 75 76 78 79 80 80 80 80 81 84 84 85 86 87 91 93 94 94 94 97 100 100 100 102 102 102 103 103 107 108 110 110 111 112 115 116 117 120 124 124 126 131 131 132 135 135 137 137 138 138 138 139 140 140 142 143 145 146 147 149 149 151 154 161 163 163 165 166 167 170 174 176 176 178 179 182 190 191 192 201 206 207 209 210 210 212 216 218 218 218 221 223 223 225 225 226 227 227 228 228 228 231 232 232 234 237 239 243 243 244 245 245 246 247 253 254 260 264 266 267 268 270 271 271 273 274 275 275 277 279 279 279 285 287 287 289 289 293 293 295 296 299
0
233 0 1 1 1 2 2 3 3 5 5 5 7 8 8 9 10 12 12 16 19 19 20 21 21 22 23 24 25 27 29 30 33 33 33 34 34 36 38 39 41 43 43 44 45 46 49 49 52 55 56 56 58 58 63 65 67 67 72 74 78 80 81 82 83 83 86 87 89 90 90 92 93 94 94 94 94 94 94 96 97 97 98 101 102 103 104 104 106 108 108 108 108 113 113 114 118 120 123 123 123 126 128 128 130 131 131 132 133 135 135 136 138 140 142 144 144 144 146 147 148 152 152 152 152 153 153 155 155 155 156 158 159 159 159 160 161 163 165 165 167 168 171 173 173 174 175 175 175 177 178 178 181 182 182 182 183 183 183 183 184 185 187 187 187 187 194 194 197 198 198 199 199 200 200 202 203 203 211 215 215 215 219 220 223 224 228 230 231 232 232 234 234 235 235 235 237 238 240 243 244 246 248 248 249 251 252 252 259 263 264 264 268 269 269 269 272 272 274 276 281 281 283 285 285 287 288 291 293 293 295 296 298 299
178 0 2 4 8 18 18 20 20 23 24 25 25 29 31 34 37 37 40 42 47 47 49 49 51 51 51 52 53 54 55 56 59 62 64 65 66 77 78 78 79 79 80 80 81 83 83 84 87 88 90 91 93 96 97 99 99 99 101 103 103 104 104 111 111 113 114 115 118 123 128 132 133 134 135 135 136 136 137 137 138 138 139 141 141 142 143 144 144 148 149 151 152 157 158 158 158 162 165 171 172 172 174 174 176 179 182 184 184 186 188 188 190 191 192 194 196 196 202 203 204 204 204 207 209 209 215 216 219 221 222 224 226 227 228 228 229 231 233 234 234 237 237 238 239 246 248 250 252 252 253 253 258 259 260 260 261 261 264 265 266 270 273 275 276 282 284 286 287 288 289 289 292 293 294 295 296 297 297
133 0 3 5 8 8 10 12 13 18 18 19 25 25 26 29 30 33 33 36 36 40 40 41 42 45 47 49 58 60 62 65 66 71 72 72 75 77 78 78 82 82 91 93 95 97 100 102 103 106 107 110 111 113 115 117 117 119 121 123 126 126 130 133 138 146 148 150 160 162 172 176 177 189 191 194 197 199 199 200 200 201 201 203 205 205 210 210 210 211 211 211 213 217 217 219 221 221 223 224 225 234 235 235 240 240 244 245 245 246 251 252 252 252 253 253 255 256 257 264 270 272 273 273 275 279 281 283 286 287 287 295 295 299
0
289 0 0 1 4 5 6 8 11 12 13 16 17 18 18 19 21 22 23 23 27 28 29 29 31 32 33 39 39 39 40 41 42 42 43 47 50 50 50 51 52 54 54 58 59 65 66 69 69 69 70 74 74 74 77 78 78 81 82 83 84 85 88 89 90 90 91 92 96 96 97 97 98 99 99 101 101 102 103 103 103 108 108 110 110 111 111 113 113 113 114 115 116 117 121 122 124 126 126 127 127 127 127 130 131 132 132 133 135 135 137 137 137 138 138 139 140 141 142 143 143 144 145 145 145 146 146 146 146 147 147 148 148 149 149 150 150 150 152 153 155 155 155 156 156 157 157 161 165 169 170 170 170 170 172 173 174 174 175 176 177 178 181 181 182 182 183 184 184 184 185 186 187 188 188 188 189 190 190 198 198 199 199 201 201 202 203 204 204 204 206 207 207 207 209 209 211 213 214 214 215 216 218 220 220 220 221 222 222 223 224 225 226 226 227 227 234 234 235 236 242 244 244 246 248 248 248 250 250 250 251 251 252 253 256 257 257 257 258 259 260 260 260 262 263 264 264 264 264 264 267 268 268 268 268 270 271 272 272 272 272 273 275 276 278 280 280 280 281 282 282 283 286 286 287 287 289 291 291 291 293 293 294 294 296 296 297 297 297 299
42 20 25 40 41 47 47 58 67 79 90 95 100 107 113 118 121 134 136 142 143 144 150 159 175 176 177 182 188 197 200 202 206 218 227 240 257 263 268 277 288 289 294
71 11 14 22 31 38 42 45 58 59 60 66 77 80 81 82 84 87 91 93 107 108 111 112 113 115 118 118 128 128 132 144 147 148 152 153 155 156 162 165 167 168 178 182 184 189 194 196 208 208 211 214 217 218 221 222 226 226 228 229 230 234 244 246 251 257 263 284 284 284 291 297
131 5 6 7 7 9 16 17 19 22 28 31 35 35 37 37 38 40 42 44 47 49 52 60 61 62 64 65 75 77 79 81 82 84 89 92 92 99 103 105 109 109 115 118 124 126 126 127 132 135 138 139 144 146 149 150 151 152 157 158 159 160 163 166 167 168 179 180 181 186 187 187 187 188 195 200 200 201 202 202 204 208 210 212 212 213 214 216 218 220 222 222 224 226 231 232 232 235 240 241 242 247 249 250 250 251 251 251 254 257 258 259 263 264 271 271 276 278 278 279 280 283 285 288 290 291 292 292 293 293 294 297
222 1 1 2 4 5 6 6 6 7 7 9 9 9 11 11 12 20 20 20 21 23 25 27 27 28 31 34 36 38 39 39 40 41 42 42 43 45 46 47 50 54 56 57 58 59 59 60 61 61 61 62 64 64 64 65 68 69 69 70 71 74 77 77 78 81 83 83 84 87 89 92 92 96 96 98 98 100 102 103 105 105 109 109 109 110 111 111 113 114 114 115 121 122 122 124 126 126 128 129 130 133 135 135 135 139 141 143 143 146 146 146 147 147 148 149 152 154 155 160 160 160 161 165 166 167 170 171 175 176 178 180 181 181 185 185 186 189 189 189 189 189 190 190 190 191 196 197 198 198 199 199 202 204 205 206 209 210 211 212 215 216 216 216 216 219 224 224 225 227 230 231 231 233 236 237 237 238 239 240 240 241 243 243 244 245 245 246 248 249 253 254 257 258 261 262 262 262 262 264 264 266 268 270 271 272 273 273 274 276 278 278 279 280 282 283 285 286 290 290 292 296 298
190 4 4 5 6 9 9 11 12 13 14 14 17 20 24 28 28 34 35 39 42 46 47 49 50 50 50 50 51 54 55 58 62 62 62 65 65 66 67 68 73 79 80 82 82 84 85 86 89 90 90 90 91 94 94 98 99 100 101 103 103 104 106 106 107 108 111 112 113 113 113 116 117 119 119 121 122 126 126 127 127 128 128 129 132 132 137 139 140 141 142 142 143 144 144 146 149 149 151 158 158 162 163 163 163 167 167 168 170 171 172 173 174 175 175 176 177 177 180 182 182 184 185 185 187 188 192 192 194 195 195 197 197 198 198 198 200 200 203 205 207 207 210 211 218 219 223 226 228 229 235 238 238 239 240 241 245 245 250 251 253 253 256 257 257 258 258 259 261 265 267 268 269 270 270 270 271 273 273 280 281 281 281 281 282 286 288 289 290 294 295
0
80 6 7 9 10 18 22 23 28 30 31 32 36 42 43 54 56 57 57 58 60 61 62 63 78 79 80 86 87 90 92 97 99 100 106 109 115 121 122 124 125 131 133 134 140 142 143 148 157 159 161 163 167 176 182 189 194 195 206 206 214 219 220 222 223 230 231 233 233 233 235 254 258 262 263 272 282 296 297 297 299
0
0
0
71 0 10 11 25 30 31 31 38 55 57 58 73 80 81 82 86 87 94 96 102 103 103 110 112 113 120 126 130 138 141 149 150 153 163 176 176 179 186 202 202 209 209 219 221 225 232 233 236 237 237 240 244 246 247 250 256 258 263 267 270 271 278 284 286 290 294 294 296 296 298 299
139 1 5 8 8 9 12 16 18 20 21 24 25 27 28 29 29 33 38 39 39 39 42 44 44 45 47 48 51 51 56 57 59 60 62 63 63 69 72 73 73 74 77 78 81 82 82 82 82 83 86 86 86 86 88 92 100 102 105 106 106 107 108 117 119 129 129 134 137 141 144 144 146 148 152 158 159 159 167 175 175 175 176 176 184 184 184 189 190 190 194 196 196 197 201 202 206 207 208 209 209 210 213 215 219 221 224 229 231 231 233 234 237 238 240 243 248 248 248 258 260 261 264 268 275 276 278 279 280 282 282 285 287 288 291 292 297 297 297 299
0
0
70 3 20 25 25 34 41 41 44 52 56 58 60 61 65 67 69 70 72 74 80 83 85 87 89 108 108 109 110 110 115 116 127 129 133 137 149 159 165 173 175 176 180 181 181 182 185 188 191 194 206 216 225 227 235 241 241 243 244 253 257 258 266 272 274 275 276 277 285 289 292
0
266 0 0 1 5 6 6 7 8 9 10 10 11 13 16 20 21 21 22 23 24 26 27 27 29 31 33 34 37 40 43 45 49 51 51 52 53 53 54 61 62 62 64 65 68 68 71 72 72 73 74 76 76 78 81 81 81 82 82 83 85 89 89 90 91 91 91 93 93 94 96 98 99 103 104 104 106 107 108 108 110 111 111 111 111 112 112 117 118 120 122 123 124 125 126 128 129 129 130 131 131 133 134 135 139 141 142 143 144 144 144 147 147 151 151 152 153 154 154 155 156 157 157 157 157 158 158 158 158 158 159 162 162 162 164 168 168 169 169 171 172 173 176 176 177 177 178 179 179 180 181 182 184 184 185 186 186 187 188 192 193 193 193 194 195 197 199 200 200 200 201 202 202 203 203 204 204 204 205 209 209 210 210 213 214 216 217 217 217 218 219 220 221 223 223 224 224 228 229 230 232 232 234 234 236 239 240 242 242 243 246 246 247 248 248 250 252 252 252 253 253 256 256 257 258 258 259 260 262 262 263 264 265 267 268 269 269 270 270 270 271 272 274 277 278 279 282 283 283 283 284 285 285 286 287 287 287 288 289 289 290 292 293 294 295 296 298
271 0 1 1 2 4 8 8 8 9 10 10 11 11 11 11 12 13 14 17 19 19 23 23 23 25 25 26 27 28 30 31 31 32 32 33 34 36 36 36 36 37 37 38 39 39 40 41 43 47 48 50 51 51 51 52 52 53 54 55 55 56 57 57 58 59 59 61 63 63 64 66 67 69 69 71 71 71 75 75 76 76 77 79 79 80 82 82 82 83 84 85 86 86 88 88 89 97 98 98 102 103 109 110 110 111 114 115 118 121 121 122 124 125 126 127 127 127 128 129 130 130 130 132 133 137 138 139 140 142 142 147 148 150 150 151 154 155 156 157 157 159 159 162 163 165 165 169 172 176 176 177 178 178 178 180 181 181 182 183 184 184 186 188 188 189 189 191 192 193 193 194 195 195 197 197 198 201 201 202 203 203 204 205 205 206 206 208 209 209 210 211 212 212 217 217 217 218 218 220 220 221 223 225 226 227 227 228 228 229 230 231 235 237 238 240 240 241 242 243 246 247 247 247 250 251 251 252 252 254 254 254 254 255 256 256 259 259 259 260 261 261 262 263 265 267 267 269 273 273 275 276 276 277 278 280 280 281 286 288 288 290 291 292 293 294 295 295 296 296 297 299
199 3 5 6 8 8 9 10 10 13 13 15 18 26 27 28 29 29 30 32 33 33 37 38 44 47 47 48 52 55 57 59 60 61 63 63 64 66 67 67 68 68 68 71 72 74 77 78 82 82 83 84 84 85 86 91 91 92 93 93 94 94 94 96 97 97 99 100 102 102 104 105 106 108 109 113 113 113 113 113 115 115 118 119 123 123 125 127 128 129 130 132 132 136 136 137 137 140 140 141 142 143 144 146 147 149 151 154 154 156 158 160 163 163 164 166 166 167 170 170 171 174 175 175 179 182 182 183 184 185 185 186 188 189 190 193 194 198 198 200 200 203 204 205 208 208 208 209 212 212 213 214 217 219 221 221 221 222 223 224 227 227 227 228 231 232 233 235 235 238 238 248 249 249 251 255 255 256 260 264 268 269 273 274 275 276 276 277 280 280 280 284 285 286 287 290 290 291 294 299
40 8 22 27 58 60 71 85 95 96 99 103 110 116 116 156 157 159 163 170 176 179 183 183 187 189 190 190 198 204 229 234 241 246 262 266 266 272 272 274 291
103 0 1 5 5 8 9 10 16 23 23 24 24 25 26 29 29 32 38 46 47 47 53 55 59 60 62 63 63 65 66 67 69 69 69 73 73 75 79 90 90 94 111 115 115 116 119 121 122 128 129 129 130 130 136 139 144 144 145 146 151 151 153 159 162 178 183 185 189 191 197 200 202 203 209 210 213 220 225 229 229 230 230 231 231 240 242 244 245 246 251 253 253 255 256 259 263 269 276 277 291 294 296 298
140 0 0 0 1 1 7 9 10 15 20 21 25 26 27 31 37 37 38 40 41 42 45 51 53 54 54 60 68 71 72 76 80 84 87 87 92 95 99 99 103 103 108 111 112 113 114 114 117 119 120 120 121 122 124 124 125 125 126 128 129 131 131 135 135 136 136 138 149 152 156 157 160 162 165 169 171 172 174 178 179 181 184 185 188 190 194 196 197 198 204 210 211 212 215 215 216 218 219 220 225 226 227 228 230 232 234 235 235 236 236 237 238 240 241 242 247 252 252 255 258 259 261 262 262 265 269 271 272 277 279 279 281 287 287 290 292 293 298 299 299
240 0 2 3 3 7 7 8 12 15 16 19 20 21 27 29 31 33 34 36 40 40 40 40 40 41 45 45 49 49 49 50 52 53 54 57 57 61 64 66 66 66 66 66 68 68 70 70 71 72 75 75 75 75 76 78 79 81 83 84 85 88 89 89 90 91 91 91 95 97 98 98 101 101 103 104 104 106 107 107 108 108 109 110 112 112 114 116 118 122 123 124 124 125 126 130 135 135 136 137 138 138 140 143 145 145 148 150 152 152 153 154 156 156 158 158 160 161 162 163 163 164 165 166 167 168 169 170 172 173 174 175 175 175 176 176 177 179 180 180 180 182 183 183 184 186 186 187 188 190 191 192 194 196 197 197 199 200 200 201 203 204 204 205 208 209 212 212 215 219 220 223 224 225 225 227 227 228 228 229 231 233 234 235 236 237 241 242 242 243 244 245 245 246 247 247 248 248 249 250 252 252 252 253 254 255 256 258 258 260 264 265 265 266 267 269 269 269 270 273 273 274 274 275 277 277 278 280 280 283 285 287 289 289 289 289 293 294 294 298 299
0
100 0 8 9 9 13 16 17 19 24 29 29 31 38 41 42 44 45 46 50 51 53 57 57 58 63 74 78 80 81 81 84 86 86 96 97 98 98 102 106 109 110 118 120 121 127 131 136 138 144 147 147 151 157 159 169 176 178 184 184 189 196 199 200 201 213 217 219 221 222 223 223 223 228 229 232 237 246 249 252 256 263 264 265 271 273 274 276 277 279 281 283 285 286 286 287 289 292 295 295 299
52 6 9 11 13 16 23 35 48 50 59 64 75 78 79 85 86 91 93 96 109 110 117 126 155 157 171 181 184 188 190 192 195 201 204 204 206 213 214 215 218 231 236 241 248 253 254 258 262 268 272 288 289
123 0 1 3 6 7 10 11 18 23 31 36 37 40 42 42 42 44 51 51 52 56 56 57 57 58 61 66 74 75 77 77 78 80 82 82 84 84 85 89 92 96 98 99 100 105 109 111 112 113 121 126 132 135 135 138 143 143 144 150 152 153 155 157 157 157 158 162 163 170 171 176 177 177 178 183 185 185 187 188 188 191 192 193 203 205 207 207 211 212 212 217 222 223 224 226 227 229 233 236 237 238 242 246 250 251 252 252 253 257 262 273 274 277 278 281 281 283 285 287 287 290 293 296
299 0 1 2 4 5 5 6 7 8 9 9 12 12 13 14 14 16 18 18 18 21 21 22 23 24 25 26 26 26 27 27 31 33 34 34 35 36 37 38 38 39 41 42 44 45 45 49 51 52 52 52 53 56 56 58 58 59 60 61 61 62 63 63 65 68 72 73 73 76 79 80 82 82 83 84 84 85 86 86 89 89 90 90 90 93 94 95 95 95 97 98 98 99 101 101 101 103 105 106 106 108 109 109 111 112 112 113 113 113 114 114 116 117 117 118 118 119 120 120 122 123 123 124 126 127 129 130 131 131 131 134 134 135 135 137 137 138 138 140 142 142 143 146 147 149 149 149 150 151 152 152 153 156 157 157 157 158 158 159 160 160 162 163 164 165 165 166 167 170 170 173 174 175 176 176 177 178 179 179 181 182 184 186 186 186 187 188 189 190 190 190 191 192 192 192 195 196 197 197 198 199 199 200 201 202 205 206 207 208 210 211 211 211 212 214 215 216 219 220 221 221 221 222 222 222 223 223 224 225 225 226 227 229 230 230 231 231 232 233 235 235 236 237 237 238 239 240 240 240 241 241 242 243 243 244 244 245 247 247 248 248 252 252 254 256 256 257 257 257 259 259 259 261 263 265 268 269 270 270 276 277 279 282 284 284 285 285 286 287 288 288 290 291 292 295 297 297 297 299
163 1 2 4 5 9 10 11 13 19 22 22 22 23 24 24 26 27 28 31 34 39 39 41 42 46 48 50 50 50 50 52 52 54 55 56 57 62 64 67 71 72 73 73 74 74 75 76 77 78 86 88 88 90 92 92 93 93 94 96 97 97 97 99 101 103 110 110 111 112 114 115 115 120 120 121 124 125 125 136 140 146 148 150 150 152 153 153 155 161 163 165 171 171 174 176 181 181 186 188 188 189 189 192 193 193 194 195 195 196 199 201 201 202 203 204 206 210 213 213 218 218 221 224 229 230 232 234 234 234 235 236 237 238 238 238 242 247 251 251 251 252 253 254 257 260 261 263 264 264 268 268 270 275 279 280 280 280 282 283 284 286 289 295
0
0
88 4 6 9 12 12 14 15 15 23 25 30 36 38 39 44 48 57 59 61 69 70 70 72 72 77 78 87 88 90 90 91 96 96 98 109 110 112 115 127 129 130 136 141 144 146 151 152 153 157 159 166 166 166 169 178 188 189 195 196 198 202 205 205 205 211 211 214 216 220 224 229 229 236 238 247 257 259 266 268 271 271 278 281 283 284 286 290 297
72 2 9 13 15 30 30 43 51 59 60 71 72 77 78 80 90 90 90 93 100 100 107 108 109 110 115 119 121 122 124 128 129 146 146 149 150 157 161 162 165 166 169 171 184 189 203 203 205 205 209 210 214 219 222 228 232 232 234 235 240 251 257 263 266 270 271 280 284 290 293 298 299
238 0 1 2 5 6 6 7 7 7 8 8 10 13 13 15 15 22 23 25 25 26 27 32 32 36 36 36 38 40 42 42 43 45 47 47 48 54 56 58 61 63 64 66 67 68 70 72 73 75 75 76 76 79 80 80 81 81 83 84 84 85 88 90 91 92 92 95 97 97 98 98 100 101 101 104 104 105 106 107 109 111 111 111 113 113 115 117 120 123 123 123 125 125 126 127 129 131 131 132 132 134 134 135 136 136 138 141 141 142 143 143 143 144 146 147 150 151 152 152 152 153 153 154 156 157 158 158 159 159 160 160 160 161 162 163 164 164 165 165 166 167 170 170 170 170 171 171 172 172 173 173 177 178 178 178 178 179 181 181 183 186 188 190 191 192 192 196 201 201 202 202 203 204 207 207 212 213 214 216 222 222 222 223 224 225 227 229 230 231 233 235 236 237 237 238 238 241 241 242 244 244 246 248 250 254 254 255 256 256 257 258 258 261 261 262 262 264 266 266 267 270 271 273 273 279 279 283 284 285 286 288 290 290 291 293 295 298 298
0
